0
24
51
77
105
128
154
177
204
228
256
277
304
330
353
377
402
425
453
481
507
530
553
577
606
629
653
677
700
723
744
767
790
817
845
869
897
924
947
974
999
1024
1050
1076
1098
1124
1150
1179
1207
1233
1257
1279
1305
1328
1350
1375
1401
1424
1448
1470
1486
1507
1533
1559
1580
1603
1628
1657
1678
1699
1725
1752
1781
1802
1823
1847
1874
1897
1919
1946
1971
1994
2019
2041
2066
2091
2115
2142
2165
2193
2210
2235
2256
2283
2309
2335
2361
2384
2412
2440
2463
2490
2514
2536
2559
2586
2607
2634
2660
2683
2706
2729
2755
2784
2807
2828
2855
2881
2908
2931
